# t (s)	mx ()	my ()	mz ()	B_demagx (T)	B_demagy (T)	B_demagz (T)
0	0.6666667	0.6666667	0.33333334	-0.24018563	-0.24018563	-0.12009282
1.023e-12	0.6761142	0.65772843	0.33205858	-0.24358936	-0.23696537	-0.11963354
2.047e-12	0.68541443	0.6486815	0.3307861	-0.24694003	-0.23370597	-0.11917511
4.095e-12	0.70354337	0.63029975	0.32825154	-0.2534715	-0.22708338	-0.118261956
8.191e-12	0.7379066	0.5924693	0.32322448	-0.26585183	-0.21345389	-0.1164508
1.6383e-11	0.7990287	0.5131975	0.3133393	-0.2878728	-0.18489398	-0.112889394
3.2767e-11	0.8912548	0.34508443	0.29424763	-0.32109988	-0.12432647	-0.10601107
5.6186816790207163e-11	0.9581964	0.09875279	0.2685285	-0.34521747	-0.0355785	-0.09674502
8.112955311837008e-11	0.95828336	-0.15024814	0.2431429	-0.34524882	0.05413116	-0.08759914
1.0793981382487934e-10	0.89672136	-0.3851315	0.2180935	-0.32306936	0.13875458	-0.07857439
1.3695722497853906e-10	0.7827133	-0.5915484	0.19346954	-0.2819947	0.21312213	-0.0697029
1.6863238191482698e-10	0.6283164	-0.75930136	0.16935225	-0.22636884	0.2735599	-0.06101396
2.0347333377290598e-10	0.44746447	-0.8823233	0.14588133	-0.16121179	0.31788206	-0.052557893
2.421576287238377e-10	0.2542938	-0.95924836	0.12319598	-0.09161657	0.3455965	-0.04438486
2.8543854999700385e-10	0.06252056	-0.99286723	0.10151778	-0.022524811	0.35770863	-0.03657466
3.342631364536155e-10	-0.11616045	-0.98991466	0.0810907	0.041850105	0.3566449	-0.029215233
3.8973835008766515e-10	-0.27271244	-0.96008253	0.06220535	0.098252416	0.34589702	-0.022411246
4.530734506398535e-10	-0.40120986	-0.9148708	0.045190856	0.14454725	0.3296082	-0.01628129
5.253107750361796e-10	-0.49878874	-0.86619025	0.030402884	0.17970282	0.31206965	-0.010953503
6.069491367888767e-10	-0.5655348	-0.824525	0.0181399	0.20374998	0.29705852	-0.006535415
6.981793143536232e-10	-0.60419565	-0.7967911	0.008468798	0.21767867	0.28706664	-0.0030511252
7.978159161720349e-10	-0.61860186	-0.7857036	0.001283942	0.22286889	0.28307205	-0.00046257663
9.053338115669764e-10	-0.6131646	-0.789946	-0.0038179215	0.22090998	0.2846005	0.0013755148
1.0217400424855524e-09	-0.5911506	-0.806528	-0.007332109	0.21297881	0.2905746	0.0026416008
1.1483429699815865e-09	-0.5544294	-0.83217454	-0.009672355	0.19974893	0.29981452	0.0034847409
1.2854416641272561e-09	-0.5044149	-0.8633893	-0.011160099	0.18172981	0.31106055	0.004020743
1.4405194084291335e-09	-0.43903112	-0.8983905	-0.012094756	0.15817344	0.32367072	0.0043574795
1.6131869850312385e-09	-0.35872045	-0.9333596	-0.012632878	0.12923923	0.33626935	0.004551353
1.8079631791345415e-09	-0.26179975	-0.9650358	-0.0129225	0.094320804	0.34768158	0.0046556983
2.047585704976179e-09	-0.13689242	-0.9904997	-0.013072654	0.049319386	0.3568557	0.004709795
2.393956049692295e-09	0.04852168	-0.99873567	-0.013142293	-0.017481314	0.35982293	0.004734885
2.6732178922668946e-09	0.1974968	-0.9802153	-0.013157153	-0.071153834	0.35315043	0.004740238
2.9313780895234735e-09	0.33141738	-0.94339246	-0.013161944	-0.119402535	0.33988395	0.0047419644
3.18652109883968e-09	0.45752463	-0.88909954	-0.013163662	-0.16483626	0.32032338	0.0047425833
3.4283114297064854e-09	0.56911653	-0.8221516	-0.013163637	-0.20504043	0.2962035	0.004742575
3.684131801322094e-09	0.6766546	-0.7361829	-0.013164671	-0.24378404	0.26523083	0.004742947
3.9497674752321e-09	0.7747202	-0.6321672	-0.013165008	-0.27911496	0.22775622	0.0047430685
4.204231947700585e-09	0.85383666	-0.52037466	-0.0131648015	-0.30761892	0.18747975	0.004742994
4.460483247464781e-09	0.9173165	-0.3979412	-0.013164348	-0.33048934	0.14336963	0.00474283
4.715554502018652e-09	0.9631755	-0.26855138	-0.013164346	-0.34701133	0.09675326	0.00474283
4.966348974111111e-09	0.99056894	-0.13638121	-0.01316452	-0.3568806	0.049135208	0.0047428925
5.221000127703649e-09	0.99991333	0.0003520828	-0.013164479	-0.3602472	-0.00012684784	0.004742878
5.477130247478222e-09	0.9903632	0.13786744	-0.01316449	-0.35680646	-0.049670663	0.004742882
5.733067381706535e-09	0.96201986	0.27266183	-0.0131643815	-0.346595	-0.09823418	0.004742842
5.9876959038916055e-09	0.915704	0.4016379	-0.013164869	-0.3299084	-0.14470148	0.004743018
6.244759965169021e-09	0.85150003	0.52418923	-0.01316466	-0.3067771	-0.18885407	0.0047429428
6.499730915615654e-09	0.7717142	0.63583326	-0.013163873	-0.27803198	-0.22907701	0.0047426596
6.7551360831171745e-09	0.67722744	0.73565614	-0.013163775	-0.24399045	-0.26504102	0.0047426242
7.004198013291938e-09	0.57274586	0.81962734	-0.013163767	-0.20634799	-0.29529405	0.0047426214
7.2615632001160705e-09	0.45399123	0.8909089	-0.013164374	-0.16356325	-0.32097527	0.0047428394
7.518437905818308e-09	0.3267735	0.945011	-0.013164099	-0.11772944	-0.3404671	0.004742741
7.76924909837644e-09	0.19651292	0.98041284	-0.013164502	-0.070799366	-0.3532216	0.004742886
8.026148076924312e-09	0.05939496	0.9981478	-0.013164552	-0.021398721	-0.3596111	0.0047429036
8.283475702526532e-09	-0.07908875	0.99678063	-0.013164535	0.028493967	-0.35911855	0.004742898
8.53856154906529e-09	-0.21487617	0.97655255	-0.013164392	0.07741525	-0.3518308	0.0047428464
8.79558114876468e-09	-0.3475892	0.93755454	-0.013164474	0.12522888	-0.33778065	0.0047428757
9.048458830400544e-09	-0.47168413	0.8816694	-0.013164313	0.16993761	-0.3176465	0.004742818
9.302570003551066e-09	-0.5875795	0.8090594	-0.01316455	0.21169221	-0.29148665	0.0047429036
9.559982454187876e-09	-0.6937651	0.72008103	-0.013164769	0.24994859	-0.25942966	0.004742982
9.821630158774048e-09	-0.7880398	0.6154835	-0.013164847	0.28391373	-0.22174543	0.00474301
1.0075082675091566e-08	-0.864478	0.5024983	-0.013165045	0.31145278	-0.18103932	0.0047430815
1.0339111547359953e-08	-0.9269765	0.37488848	-0.013164784	0.33396965	-0.13506421	0.0047429875
1.0586657551434983e-08	-0.96858925	0.24831758	-0.013164759	0.34896183	-0.08946346	0.0047429786
1.0837762601756389e-08	-0.993228	0.11543384	-0.0131645985	0.35783863	-0.04158832	0.0047429204
1.1092257381385184e-08	-0.99968475	-0.021382496	-0.013164508	0.36016482	0.0077036517	0.0047428883
1.1347167020038936e-08	-0.9873485	-0.15801775	-0.0131644895	0.35572037	0.056930386	0.0047428813
1.1602149392958668e-08	-0.95641446	-0.29171595	-0.013164368	0.34457546	0.10509895	0.0047428384
1.1859654616377141e-08	-0.9068952	-0.42115062	-0.013164268	0.32673478	0.15173148	0.0047428017
1.2122517033789873e-08	-0.8383868	-0.5449169	-0.013164638	0.30205268	0.19632182	0.0047429344
1.2372949907675634e-08	-0.75748205	-0.65272325	-0.013164409	0.27290446	0.23516211	0.0047428524
1.263319702682178e-08	-0.65884656	-0.7521622	-0.013164842	0.23736821	0.2709878	0.004743008
1.289215269413958e-08	-0.5478663	-0.83646244	-0.013164666	0.19738442	0.30135936	0.0047429446
1.3154238426379977e-08	-0.4247172	-0.9052304	-0.013164514	0.15301645	0.32613498	0.0047428906
1.3422505938802584e-08	-0.28993344	-0.9569564	-0.0131643405	0.10445676	0.34477073	0.004742828
1.3686540415991371e-08	-0.15136102	-0.9883909	-0.013164789	0.05453211	0.3560959	0.0047429893
1.394013769893475e-08	-0.0153499115	-0.9997955	-0.013164618	0.005530242	0.36020476	0.004742928
1.4202071228498746e-08	0.12540044	-0.9920189	-0.013164413	-0.04517907	0.35740298	0.0047428543
1.4456241363195846e-08	0.25962174	-0.9656207	-0.013164403	-0.09353611	0.3478923	0.0047428505
1.4706862014910891e-08	0.38722315	-0.9218921	-0.013164392	-0.13950814	0.33213782	0.0047428464
1.496692381550872e-08	0.51215196	-0.858794	-0.013164465	-0.1845173	0.3094049	0.004742873
1.5223717329194726e-08	0.6256717	-0.7799755	-0.013164201	-0.225416	0.28100833	0.004742778
1.5463264295101603e-08	0.7208327	-0.6929841	-0.013163775	-0.25970048	0.24966723	0.0047426242
1.5717274280201615e-08	0.80861396	-0.5881924	-0.013163604	-0.29132617	0.21191303	0.004742563
1.5977371414119927e-08	0.8828268	-0.46951428	-0.013164281	-0.31806344	0.16915587	0.004742807
1.6233707185078493e-08	0.9390489	-0.3435317	-0.013164021	-0.33831903	0.12376706	0.0047427127
1.650945750560857e-08	0.97954714	-0.20078394	-0.013163958	-0.35290968	0.07233812	0.0047426894
1.6763485141111624e-08	0.9977794	-0.065292	-0.013164251	-0.3594784	0.023523299	0.0047427956
1.701688895141975e-08	0.99738324	0.07108717	-0.013164309	-0.35933566	-0.025611173	0.004742816
1.7271812052793804e-08	0.97826403	0.206945	-0.013164459	-0.35244745	-0.07455781	0.0047428706
1.7526595572905877e-08	0.9407529	0.33883741	-0.013164672	-0.338933	-0.122075796	0.0047429474
1.7782947653821245e-08	0.8851565	0.46510717	-0.013164399	-0.3189028	-0.16756809	0.004742849
1.8034452271197556e-08	0.8142281	0.58039594	-0.013164849	-0.2933488	-0.20910412	0.0047430107
1.8283593859285804e-08	0.72924834	0.6841225	-0.013164267	-0.26273245	-0.24647458	0.004742801
1.8538749278429276e-08	0.628641	0.7775842	-0.01316418	-0.2264858	-0.28014678	0.0047427705
1.8797935013767e-08	0.5143162	0.85749966	-0.013164441	-0.18529704	-0.30893862	0.004742864
1.9058245133317616e-08	0.38942373	0.9209648	-0.013164327	-0.14030096	-0.33180374	0.0047428226
1.9320004559680135e-08	0.256133	0.9665519	-0.01316452	-0.092279196	-0.3482278	0.0047428925
1.9572054878790405e-08	0.122949176	0.9923257	-0.013164398	-0.044295937	-0.35751355	0.0047428487
1.982717819838656e-08	-0.0141516905	0.9998132	-0.013164446	0.0050985487	-0.36021113	0.004742866
2.0081300843760812e-08	-0.1504531	0.98852956	-0.013164462	0.054205008	-0.35614586	0.004742871
2.0337465193237502e-08	-0.28499335	0.9584392	-0.013164163	0.10267696	-0.34530497	0.004742764
2.0596065090066025e-08	-0.4153082	0.90958554	-0.013164358	0.14962658	-0.327704	0.0047428343
2.084880373772163e-08	-0.53491175	0.8448054	-0.013164581	0.19271715	-0.30436516	0.004742915
2.109542626696905e-08	-0.6420985	0.76650923	-0.013164687	0.23133421	-0.27615672	0.004742953
2.1344865354546472e-08	-0.738994	0.6735835	-0.013164421	0.2662436	-0.2426776	0.004742857
2.1613555239858622e-08	-0.8284182	0.5599553	-0.0131647	0.2984612	-0.20173982	0.0047429577
2.1868378229224585e-08	-0.8972473	0.4413321	-0.013164366	0.32325885	-0.15900242	0.0047428366
2.2127096007512912e-08	-0.94985443	0.31241524	-0.013164654	0.34221208	-0.11255647	0.004742941
2.2379462296958104e-08	-0.9834305	0.1808072	-0.013164348	0.35430878	-0.06514093	0.00474283
2.262950119067775e-08	-0.9988027	0.04711493	-0.013164433	0.35984707	-0.016974494	0.004742861
2.2883471766008054e-08	-0.9958962	-0.089539945	-0.013164457	0.35879993	0.032259308	0.00474287
2.3138430913368958e-08	-0.9742605	-0.22504058	-0.0131644	0.35100508	0.08107726	0.0047428496
2.339266760353528e-08	-0.93441665	-0.3559388	-0.013164275	0.3366502	0.12823707	0.004742804
2.365164045495622e-08	-0.87584704	-0.4824093	-0.013164816	0.31554878	0.17380166	0.0047429996
2.3918164619138474e-08	-0.79781634	-0.6027569	-0.013164544	0.287436	0.21716031	0.004742901
2.416501914389613e-08	-0.71086067	-0.70320976	-0.013164065	0.25610778	0.25335133	0.0047427285
2.4419363959854406e-08	-0.6081611	-0.7937045	-0.0131640015	0.21910733	0.2859546	0.0047427053
2.466744808880965e-08	-0.496989	-0.86765695	-0.013164717	0.17905441	0.31259808	0.0047429632
2.492762074233027e-08	-0.3709141	-0.92857385	-0.013164789	0.13363235	0.33454514	0.0047429893
2.5174992180861006e-08	-0.244258	-0.9696209	-0.01316478	0.08800089	0.3493335	0.0047429865
2.5430637114936704e-08	-0.10884157	-0.99397194	-0.013164673	0.03921327	0.35810664	0.0047429474
2.568347470895261e-08	0.02712263	-0.99954545	-0.013164515	-0.009771698	0.36011466	0.0047428906
2.5938978769385197e-08	0.16400053	-0.9863725	-0.013164552	-0.05908585	0.35536873	0.0047429036
2.619384815070627e-08	0.29745114	-0.9546463	-0.013164612	-0.10716523	0.34393847	0.004742926
2.6451320350927116e-08	0.42657	-0.90435886	-0.013164248	-0.15368398	0.32582098	0.0047427947
2.6699063373013573e-08	0.5431034	-0.83956265	-0.013164294	-0.19566843	0.30247635	0.0047428114
2.6943447345399173e-08	0.6486028	-0.7610134	-0.013163211	-0.2336776	0.27417672	0.004742421
2.7202504335939116e-08	0.748141	-0.6634093	-0.013163789	-0.26953906	0.23901206	0.004742629
2.7453323492618895e-08	0.83067936	-0.55659544	-0.013164744	-0.29927588	0.20052932	0.0047429735
2.771083784942525e-08	0.89965916	-0.43639472	-0.013164054	-0.3241278	0.15722358	0.004742725
2.7949091548584204e-08	0.9481124	-0.31766286	-0.013164548	-0.34158444	0.11444707	0.0047429027
2.8218010296006438e-08	0.9840374	-0.1774742	-0.013164695	-0.35452744	0.06394012	0.004742956
2.8478439940295503e-08	0.9991858	-0.03813735	-0.013164618	-0.3599851	0.0137400655	0.004742928
2.8731035990279846e-08	0.995124	0.09775036	-0.013164546	-0.3585217	-0.035217345	0.004742902
2.8985986265484112e-08	0.972372	0.23306522	-0.013164747	-0.35032463	-0.08396837	0.0047429744
2.9245268158671053e-08	0.93045795	0.3661622	-0.01316453	-0.3352239	-0.13192035	0.004742896
2.949611699066607e-08	0.8726501	0.48816875	-0.013164184	-0.314397	-0.17587665	0.0047427714
2.9750682401339547e-08	0.79772943	0.60287195	-0.013163948	-0.28740472	-0.21720177	0.0047426866
3.0012004141462766e-08	0.7052589	0.7088277	-0.013163916	-0.25408956	-0.25537533	0.0047426745
3.0271243062853704e-08	0.5997352	0.8000903	-0.013164637	-0.21607167	-0.28825527	0.0047429344
3.052760669866837e-08	0.48388973	0.8750301	-0.01316434	-0.174335	-0.31525448	0.0047428273
3.0780625286621364e-08	0.360515	0.9326605	-0.013164417	-0.12988578	-0.3360175	0.004742855
3.102271448184147e-08	0.2361759	0.9716212	-0.013164436	-0.08508907	-0.35005414	0.0047428627
3.1274245844568744e-08	0.102768235	0.99461824	-0.01316439	-0.03702518	-0.3583395	0.004742846
3.153453422909029e-08	-0.03723626	0.9992198	-0.013164458	0.01341542	-0.35999733	0.00474287
3.1788198489746135e-08	-0.17299776	0.9848343	-0.013164479	0.06232736	-0.35481453	0.004742878
3.204234660339485e-08	-0.3057817	0.95201063	-0.013164035	0.11016655	-0.3429889	0.0047427174
3.2295659545818734e-08	-0.4324379	0.90156764	-0.013164514	0.15579805	-0.32481533	0.0047428906
3.2550261128719306e-08	-0.5516348	0.83398193	-0.013164104	0.19874209	-0.3004657	0.0047427425
3.280299892997002e-08	-0.65971845	0.75139755	-0.013164668	0.23768233	-0.27071235	0.0047429465
3.306830447880625e-08	-0.7600097	0.6497784	-0.013164171	0.2738151	-0.23410115	0.0047427667
3.3316599445369766e-08	-0.8398689	0.5426296	-0.01316463	0.30258664	-0.19549775	0.0047429325
3.357357717408903e-08	-0.9067085	0.4215525	-0.013164404	0.3266675	-0.15187629	0.0047428505
3.382119536869342e-08	-0.95471656	0.29722542	-0.013164461	0.3439638	-0.1070839	0.004742871
3.40875838313663e-08	-0.9874083	0.15764444	-0.013164658	0.35574186	-0.056795888	0.0047429423
3.433960886175443e-08	-0.99965894	0.022555985	-0.013164609	0.36015552	-0.008126434	0.004742924
3.459940370709181e-08	-0.9930326	-0.11710309	-0.013164513	0.35776818	0.042189717	0.0047428897
3.4853696950414e-08	-0.9677404	-0.25160527	-0.013164542	0.34865594	0.09064795	0.0047429
3.511085636564323e-08	-0.92372894	-0.3828207	-0.013164529	0.3327996	0.13792205	0.0047428957
3.536170881036098e-08	-0.86373764	-0.5037698	-0.013164471	0.31118605	0.18149741	0.0047428748
3.5614260201057035e-08	-0.7874346	-0.6162578	-0.0131644625	0.2836957	0.22202438	0.004742872
3.5881673006539883e-08	-0.6908172	-0.7229096	-0.013164764	0.2488865	0.26044875	0.00474298
3.6132017495372903e-08	-0.5873573	-0.80922073	-0.013163819	0.21161214	0.2915448	0.00474264
3.637122588435099e-08	-0.47851163	-0.8779826	-0.013164185	0.17239743	0.3163182	0.0047427714
3.661991233404114e-08	-0.35696405	-0.93402535	-0.0131644225	0.12860644	0.33650917	0.004742857
3.6875051835882226e-08	-0.22563687	-0.9741226	-0.01316413	0.0812921	0.35095537	0.004742752
3.712486117369027e-08	-0.092912376	-0.9955872	-0.013164435	0.033474326	0.3586886	0.0047428617
3.738747406156034e-08	0.048381474	-0.99874216	-0.013164492	-0.017430801	0.35982525	0.004742883
3.7640685877748984e-08	0.1837349	-0.9828877	-0.01316454	-0.06619573	0.35411322	0.0047429
3.789572594894135e-08	0.31660998	-0.94846445	-0.013164587	-0.11406775	0.34171128	0.0047429167
3.815562460258319e-08	0.44586396	-0.89500403	-0.013164383	-0.16063517	0.32245064	0.004742843
3.841378287907625e-08	0.56561834	-0.82456213	-0.01316421	-0.20378008	0.29707193	0.0047427807
3.866062354774074e-08	0.6699373	-0.74230105	-0.013163677	-0.24136394	0.26743507	0.004742589
3.89053734638351e-08	0.76170206	-0.6477937	-0.013164171	-0.2744248	0.23338611	0.0047427667
3.916674694271497e-08	0.8450687	-0.53449565	-0.013164968	-0.30446	0.19256726	0.0047430536
3.9423927536792674e-08	0.9107835	-0.41267434	-0.013164817	-0.32813567	0.14867765	0.0047429996
3.9686165483007586e-08	0.9598125	-0.28033316	-0.013164892	-0.34579974	0.100997984	0.0047430266
3.9954027562549984e-08	0.9901474	-0.13940904	-0.013164639	-0.35672876	0.050226066	0.0047429353
4.020883456582759e-08	0.99990994	-0.0026201236	-0.013164562	-0.360246	0.000943974	0.004742908
4.0462664228467816e-08	0.9909351	0.13369535	-0.013164355	-0.35701254	-0.048167553	0.004742833
4.071722144016848e-08	0.9633591	0.2678919	-0.013164402	-0.3470775	-0.09651567	0.0047428496
4.097261780143716e-08	0.9175187	0.39747474	-0.013164581	-0.3305622	-0.14320156	0.004742915
4.1227796370990794e-08	0.85440016	0.5194489	-0.0131645845	-0.30782196	-0.18714623	0.0047429157
4.148694027210488e-08	0.77381384	0.6332764	-0.013164407	-0.27878845	-0.22815582	0.0047428515
4.174959908934998e-08	0.67678136	0.73606634	-0.013164931	-0.24382973	-0.26518887	0.0047430405
4.201023979643516e-08	0.56711763	0.8235316	-0.013165091	-0.20432025	-0.29670072	0.0047430983
4.2253972105593556e-08	0.45442322	0.8906887	-0.0131651545	-0.16371888	-0.3208959	0.004743121
4.249526511012842e-08	0.3351439	0.942075	-0.0131645845	-0.12074511	-0.3394093	0.0047429157
4.274932308790531e-08	0.20348693	0.97898924	-0.013164751	-0.073311955	-0.3527087	0.004742976
4.300352000589736e-08	0.06794925	0.997602	-0.013164642	-0.024480648	-0.35941446	0.0047429367
4.3261957585451223e-08	-0.07113796	0.99737966	-0.013164624	0.025629472	-0.35933438	0.0047429297
4.351589236374636e-08	-0.20647623	0.97836304	-0.013164579	0.07438892	-0.3524831	0.004742914
4.376889267514014e-08	-0.33748403	0.94123924	-0.013164561	0.121588215	-0.33910817	0.0047429074
4.4029381567051754e-08	-0.46580613	0.884789	-0.013164462	0.16781989	-0.31877038	0.004742871
4.428504170775339e-08	-0.58285815	0.8124673	-0.0131645575	0.20999122	-0.29271442	0.0047429055
4.4538527920912283e-08	-0.68802613	0.7255665	-0.013164436	0.24788098	-0.26140594	0.0047428627
4.478855329527719e-08	-0.77922	0.62661237	-0.013164442	0.28073615	-0.22575492	0.0047428645
4.50400806294185e-08	-0.85671854	0.5156162	-0.013164754	0.30865717	-0.18576539	0.0047429763
4.530184053663705e-08	-0.92068005	0.39009604	-0.013164988	0.33170116	-0.1405432	0.004743061
4.557414177071234e-08	-0.9678085	0.25134358	-0.013165028	0.3486805	-0.09055367	0.004743075
4.5825622369241694e-08	-0.99288636	0.11833589	-0.013164621	0.35771552	-0.04263387	0.004742929
4.608032765565922e-08	-0.9997408	-0.018574597	-0.01316451	0.360185	0.006692026	0.0047428887
4.633700171316705e-08	-0.9876405	-0.15618238	-0.013164434	0.35582554	0.05626914	0.0047428617
4.6591586310401025e-08	-0.95701724	-0.28973237	-0.013164673	0.34479266	0.10438432	0.0047429474
4.68498891382744e-08	-0.90758455	-0.41966292	-0.013164794	0.3269831	0.1511955	0.004742991
4.7104172925634466e-08	-0.8417793	-0.5396614	-0.013164901	0.30327493	0.19442835	0.0047430303
4.7359747636463095e-08	-0.7597538	-0.6500776	-0.013164328	0.27372292	0.23420891	0.0047428235
4.7609991629814486e-08	-0.66549796	-0.74628353	-0.013164598	0.23976454	0.26886985	0.0047429204
4.786342565391416e-08	-0.55774367	-0.8299089	-0.013164341	0.200943	0.29899827	0.004742828
4.811528234334971e-08	-0.44037473	-0.89771754	-0.013164503	0.15865749	0.32342827	0.0047428864
4.836270801479367e-08	-0.3171784	-0.94827455	-0.01316414	0.114272535	0.34164286	0.0047427556
4.8615118822636685e-08	-0.18571828	-0.98251486	-0.013164308	0.06691029	0.35397887	0.004742816
4.887479633742496e-08	-0.046921127	-0.9988119	-0.013164339	0.01690467	0.35985038	0.0047428273
4.913048884374519e-08	0.09065626	-0.9957953	-0.013164458	-0.03266149	0.35876358	0.00474287
4.9385658815771e-08	0.22624232	-0.9739821	-0.013164028	-0.08151022	0.35090476	0.004742715
4.964072933049439e-08	0.35750976	-0.9338167	-0.013164357	-0.12880307	0.336434	0.004742834
4.98991361497339e-08	0.48361102	-0.8751841	-0.013163361	-0.1742346	0.31530997	0.004742475
5.0151933421171946e-08	0.5979349	-0.8014367	-0.013163488	-0.21542305	0.28874037	0.004742521
5.0407388521816884e-08	0.7022127	-0.7118456	-0.013164565	-0.2529921	0.2564626	0.004742909
5.066452646806468e-08	0.7937708	-0.6080746	-0.013164457	-0.2859785	0.21907617	0.00474287
5.092044714084682e-08	0.86980087	-0.49322745	-0.0131645985	-0.3133705	0.17769921	0.0047429204
5.1172278668995634e-08	0.9285136	-0.37106496	-0.013165006	-0.33452338	0.1336867	0.0047430675
5.1431952529336443e-08	0.97118014	-0.23798314	-0.013164903	-0.34989524	0.08574019	0.0047430303
5.168987088740804e-08	0.9947796	-0.10119415	-0.013164625	-0.3583976	0.036458068	0.0047429306
5.1948784606887e-08	0.99918807	0.038079273	-0.01316455	-0.3599859	-0.01371914	0.0047429036
5.220359668174371e-08	0.9845801	0.17443833	-0.013164663	-0.35472298	-0.06284637	0.004742944
5.245829661188326e-08	0.9514698	0.30746055	-0.013164887	-0.34279406	-0.1107714	0.0047430247
5.271590539861878e-08	0.8997952	0.43611422	-0.013164308	-0.3241768	-0.15712255	0.004742816
5.2965764940491026e-08	0.8331383	0.5529082	-0.013164267	-0.30016172	-0.1992009	0.004742801
5.322575068497204e-08	0.7478039	0.66378915	-0.013164468	-0.2694176	-0.23914889	0.004742874
5.3479507918819444e-08	0.6503769	0.75949764	-0.013164227	-0.23431677	-0.27363062	0.004742787
5.3738602766894374e-08	0.5383973	0.84258837	-0.013164957	-0.19397292	-0.3035664	0.00474305
5.399913776801615e-08	0.4152418	0.90961593	-0.013164682	-0.14960267	-0.32771504	0.004742951
5.4248370612535683e-08	0.2897501	0.9570118	-0.013165038	-0.10439072	-0.3447907	0.0047430787
5.450575782881392e-08	0.1547073	0.98787266	-0.013164507	-0.0557377	-0.35590917	0.004742888
5.476072591768322e-08	0.017999683	0.9997514	-0.013164478	-0.006484897	-0.36018884	0.0047428776
5.50174661123794e-08	-0.119993724	0.9926874	-0.013164427	0.04323115	-0.35764387	0.004742859
5.5272011546645504e-08	-0.25455233	0.9669695	-0.013163964	0.09170971	-0.34837824	0.004742692
5.552908216821296e-08	-0.38558555	0.9225782	-0.013164516	0.13891813	-0.332385	0.0047428906
5.578211508378564e-08	-0.50737137	0.86162704	-0.013164983	0.18279496	-0.31042564	0.004743059
5.6039351623973146e-08	-0.6215184	0.783289	-0.013164383	0.22391966	-0.28220212	0.004742843
5.630084023003083e-08	-0.72532713	0.68827856	-0.01316405	0.2613197	-0.24797189	0.004742723
5.6561818710045666e-08	-0.81461066	0.5798589	-0.013164582	0.29348665	-0.20891064	0.004742915
5.6816894610428426e-08	-0.88635606	0.4628171	-0.013164734	0.31933495	-0.16674303	0.0047429698
5.707201719002124e-08	-0.9414021	0.3370294	-0.013164566	0.33916688	-0.12142442	0.004742909
5.731745675080959e-08	-0.9776154	0.20998791	-0.013164357	0.35221374	-0.07565411	0.004742834
5.7571236208057936e-08	-0.9971113	0.07480467	-0.013164265	0.35923767	-0.02695051	0.004742801
5.7823472670321115e-08	-0.9980544	-0.06094499	-0.01316433	0.35957748	0.021957165	0.0047428245
5.8079494181848027e-08	-0.98020035	-0.19757016	-0.013164382	0.35314506	0.07118027	0.004742843
5.8333168911127776e-08	-0.94415075	-0.32925084	-0.013164286	0.34015715	0.118621975	0.0047428077
5.858777411490245e-08	-0.8902702	-0.45524243	-0.013164793	0.3207451	0.16401401	0.004742991
5.885123134897007e-08	-0.81693155	-0.5765845	-0.013164236	0.29432282	0.20773098	0.00474279
5.910892046374013e-08	-0.7293004	-0.6840671	-0.013163512	0.26275116	0.2464546	0.0047425292
5.9356093355548226e-08	-0.63204026	-0.7748239	-0.013163958	0.22771049	0.27915233	0.0047426894
5.962239978954486e-08	-0.51478225	-0.85722	-0.013164646	0.18546495	0.30883786	0.004742938
5.987667210838941e-08	-0.39291352	-0.9194813	-0.013164743	0.14155826	0.33126926	0.0047429726
6.014194366675185e-08	-0.25796515	-0.9660645	-0.013165029	0.09293927	0.3480522	0.004743076
6.039163991316807e-08	-0.12608512	-0.9919321	-0.013164721	0.045425743	0.3573717	0.004742965
6.064711591978528e-08	0.011183317	-0.9998508	-0.013164546	-0.0040291077	0.36022466	0.004742902
6.090332129705275e-08	0.1486279	-0.98880565	-0.013164555	-0.05354743	0.35624534	0.004742905
6.115828449470154e-08	0.2826056	-0.95914584	-0.013164908	-0.10181669	0.34555957	0.004743032
6.141824697159231e-08	0.41371554	-0.9103111	-0.013164895	-0.14905278	0.32796544	0.0047430275
6.167485794683114e-08	0.53520083	-0.84462225	-0.013164206	-0.19282132	0.30429918	0.00474278
6.193773318728111e-08	0.6490432	-0.7606378	-0.0131635405	-0.2338363	0.2740414	0.0047425395
6.2193514781179e-08	0.74735874	-0.66429037	-0.013164568	-0.2692572	0.23932949	0.004742909
6.24499712826563e-08	0.83171445	-0.5550477	-0.013164297	-0.29964876	0.1999717	0.0047428124
6.270441946237002e-08	0.8997519	-0.4362032	-0.013164683	-0.32416117	0.15715459	0.004742951
6.296643880102196e-08	0.9521659	-0.305298	-0.013164284	-0.34304485	0.10999228	0.0047428077
6.321536029614486e-08	0.98443246	-0.17527007	-0.0131643675	-0.3546698	0.063146025	0.0047428375
6.346582834669919e-08	0.9990616	-0.041263856	-0.013164256	-0.35994035	0.014866478	0.0047427975
6.371929246808406e-08	0.9953809	0.09509879	-0.013164276	-0.35861427	-0.034262042	0.004742805
6.397420557578183e-08	0.9729951	0.23045039	-0.013164213	-0.3505491	-0.083026305	0.0047427816
6.422629172892313e-08	0.93284255	0.36004373	-0.013164423	-0.33608305	-0.129716	0.004742858
6.447643733268025e-08	0.87601984	0.48209554	-0.013164436	-0.31561103	-0.17368862	0.0047428627
6.474151817948056e-08	0.7984978	0.6018537	-0.013165216	-0.28768152	-0.2168349	0.004743143
6.500613556667626e-08	0.70489866	0.709186	-0.013165114	-0.25395977	-0.25550443	0.0047431067
6.526272511488342e-08	0.60046667	0.7995415	-0.013164921	-0.21633518	-0.2880575	0.004743037
6.551192321798607e-08	0.48805827	0.8727118	-0.013164586	-0.17583686	-0.3144192	0.0047429167
6.576934023420642e-08	0.36274812	0.9317943	-0.013164536	-0.13069032	-0.3357054	0.004742899
6.602847206952769e-08	0.22958009	0.9732008	-0.013164306	-0.082712755	-0.35062325	0.0047428156
6.62696963057926e-08	0.10154344	0.994744	-0.013164527	-0.03658391	-0.35838482	0.0047428953
6.652951876689606e-08	-0.0382169	0.99918276	-0.013164475	0.013768725	-0.35998398	0.004742876
6.678621019696348e-08	-0.17556964	0.9843791	-0.013164347	0.063253954	-0.35465056	0.00474283
6.704267352309296e-08	-0.30945265	0.95082384	-0.013164294	0.11148911	-0.34256133	0.0047428114
6.729808278866653e-08	-0.43692967	0.89939934	-0.013164353	0.15741634	-0.32403418	0.004742833
6.755051464283193e-08	-0.5548142	0.8318702	-0.013164268	0.19988757	-0.29970485	0.0047428017
6.780254884124283e-08	-0.66229975	0.74912333	-0.013165265	0.23861232	-0.26989293	0.0047431607
6.806409624980796e-08	-0.7609342	0.64869565	-0.013165604	0.27414817	-0.23371105	0.0047432836
6.832295680590413e-08	-0.84371215	0.53663445	-0.013164673	0.3039713	-0.19333781	0.0047429474
6.857298738365543e-08	-0.9081302	0.41848096	-0.013164967	0.32717973	-0.15076967	0.0047430536
6.883588548325144e-08	-0.9581045	0.28611624	-0.013164419	0.3451844	-0.10308152	0.004742856
6.909199928967647e-08	-0.98834866	0.15163691	-0.013164547	0.35608065	-0.05463151	0.0047429027
6.9351397044014e-08	-0.9998352	0.012506906	-0.013164592	0.36021906	-0.0045059687	0.0047429185
6.960992513274452e-08	-0.9918918	-0.12640151	-0.0131644495	0.35735726	0.045539737	0.0047428673
6.986426249196769e-08	-0.9653345	-0.26068413	-0.013164654	0.34778917	0.093918875	0.004742941
7.011953488017361e-08	-0.92048967	-0.390545	-0.013164787	0.33163255	0.14070494	0.0047429884
7.037114719367568e-08	-0.8592778	-0.5113399	-0.01316441	0.30957925	0.18422474	0.0047428533
7.061927962970426e-08	-0.78347176	-0.6212879	-0.01316445	0.282268	0.2238366	0.0047428673
7.087794240680262e-08	-0.68959457	-0.72407615	-0.01316391	0.24844605	0.26086903	0.0047426727
7.113400623471495e-08	-0.5834929	-0.8120116	-0.013164204	0.21021989	0.29255027	0.004742779
7.138010147294171e-08	-0.4710466	-0.8820101	-0.013164865	0.16970792	0.31776917	0.0047430173
7.163445344346877e-08	-0.3461634	-0.938082	-0.013164491	0.1247152	0.3379707	0.004742882
7.188772378843939e-08	-0.21536432	-0.976445	-0.013164609	0.07759112	0.35179204	0.004742924
7.213324220163912e-08	-0.08472253	-0.9963176	-0.013164518	0.030523699	0.35895175	0.004742892
7.238739184253851e-08	0.052041408	-0.9985582	-0.013164403	-0.018749397	0.35975897	0.0047428505
7.264013878829184e-08	0.1870896	-0.9822546	-0.013164606	-0.067404345	0.3538851	0.004742923
7.289498495222552e-08	0.3197472	-0.9474115	-0.013164238	-0.11519802	0.34133193	0.004742791
7.31493524206133e-08	0.44615507	-0.89485896	-0.013164439	-0.16074005	0.32239836	0.0047428636
7.340170429258667e-08	0.56330556	-0.8261438	-0.013164559	-0.20294684	0.29764178	0.0047429064
7.365384665633543e-08	0.6699816	-0.742261	-0.013164821	-0.24137992	0.26742062	0.0047430005
7.390661477236558e-08	0.7645346	-0.6444483	-0.013164709	-0.27544528	0.2321808	0.0047429604
7.415776714801261e-08	0.8444699	-0.53544116	-0.013164626	-0.30424428	0.1929079	0.0047429306
7.44102450479855e-08	0.9092691	-0.4160006	-0.013164531	-0.32759002	0.14987603	0.004742896
7.467167636546818e-08	0.9586579	-0.28425628	-0.013164485	-0.34538376	0.102411404	0.0047428794
7.493793869480595e-08	0.9894444	-0.144314	-0.01316449	-0.35647547	0.05199322	0.004742882
7.518942237506817e-08	0.9998695	-0.00936648	-0.013164417	-0.36023143	0.0033745405	0.004742855
7.544458014756862e-08	0.99172354	0.12771505	-0.013164438	-0.35729662	-0.046012975	0.0047428627
7.569922621214654e-08	0.9649449	0.26212242	-0.013164373	-0.34764883	-0.09443705	0.0047428394
7.595462349220634e-08	0.9198812	0.39197636	-0.013163922	-0.33141336	-0.14122063	0.0047426773
7.621427951941474e-08	0.85625345	0.51638824	-0.013164484	-0.30848968	-0.18604355	0.0047428794
7.646935202305731e-08	0.7774573	0.628798	-0.013164452	-0.2801011	-0.22654235	0.0047428682
7.671136266451046e-08	0.6891213	0.72452646	-0.0131639885	-0.24827552	-0.26103127	0.0047427006
7.696519659679923e-08	0.58393836	0.8116913	-0.013164039	-0.21038038	-0.29243487	0.0047427192
7.72066120994138e-08	0.47375262	0.8805597	-0.013164601	-0.17068285	-0.31724665	0.0047429223
7.745826881826471e-08	0.35040492	0.93650585	-0.013164269	-0.12624332	-0.33740285	0.004742802
7.771284556728002e-08	0.219096	0.9756146	-0.013164101	-0.07893556	-0.35149288	0.0047427416
7.796657302390912e-08	0.084128685	0.99636793	-0.01316453	-0.030309748	-0.35896987	0.004742896
7.822655434335688e-08	-0.055773035	0.9983567	-0.013164489	0.020093821	-0.35968637	0.0047428813
7.847914021844706e-08	-0.19067346	0.98156536	-0.013164209	0.06869554	-0.3536368	0.0047427807
7.873322432991919e-08	-0.3228114	0.9463718	-0.013164106	0.11630198	-0.34095734	0.0047427434
7.898485264622204e-08	-0.44772917	0.89407235	-0.013164221	0.16130716	-0.32211494	0.0047427844
7.923692084668012e-08	-0.56463015	0.8252391	-0.013164605	0.20342407	-0.29731584	0.004742923
7.949163533990332e-08	-0.67219734	0.74025494	-0.013165022	0.24217819	-0.26669788	0.004743073
7.974645795352821e-08	-0.7671708	0.6413079	-0.013165478	0.27639508	-0.2310494	0.004743237
8.000940109475527e-08	-0.85002095	0.5265845	-0.013164099	0.3062442	-0.18971705	0.004742741
8.02718796922753e-08	-0.91574335	0.40154803	-0.013164984	0.3299226	-0.14466909	0.004743059
8.053814709510139e-08	-0.963737	0.266529	-0.013164685	0.34721363	-0.09602465	0.004742952
8.078261015869834e-08	-0.9903897	0.13767739	-0.013164456	0.35681605	-0.04960219	0.004742869
8.104252382957317e-08	-0.99991167	-0.0018772206	-0.013164503	0.3602466	0.0006763221	0.0047428864
8.129652167551114e-08	-0.99031126	-0.13824062	-0.013164466	0.35678777	0.049805112	0.004742873
8.155171380485916e-08	-0.9620266	-0.27263853	-0.013164233	0.34659743	0.09822579	0.004742789
8.180629491412586e-08	-0.91572446	-0.40159127	-0.013164653	0.32991576	0.14468467	0.004742941
8.206775849648744e-08	-0.85028183	-0.526163	-0.013165418	0.30633822	0.18956515	0.0047432156
8.232414359205859e-08	-0.76974714	-0.6382132	-0.013164417	0.27732328	0.22993445	0.004742855
8.258465089420257e-08	-0.6729186	-0.7395994	-0.013164472	0.24243805	0.26646173	0.004742875
8.28384691352371e-08	-0.5658346	-0.8244138	-0.013163939	0.203858	0.2970185	0.0047426834
8.310387128362662e-08	-0.44260854	-0.8966184	-0.01316392	0.15946232	0.32303226	0.0047426764
8.336154690954985e-08	-0.3143036	-0.94923127	-0.013164132	0.11323681	0.34198755	0.0047427528
8.361942348570009e-08	-0.17984673	-0.98360664	-0.0131641	0.0647949	0.35437226	0.0047427416
8.387239043128122e-08	-0.044565633	-0.9989198	-0.013164308	0.016056037	0.35988927	0.004742816
8.412988577383004e-08	0.09397067	-0.9954879	-0.013164357	-0.033855602	0.35865283	0.004742834
8.438470092586859e-08	0.22929837	-0.9732672	-0.013164584	-0.08261125	0.35064718	0.0047429157
8.464098814190943e-08	0.3610539	-0.9324521	-0.013164804	-0.13007995	0.33594236	0.004742995
8.490138858717796e-08	0.48787212	-0.87281597	-0.013164037	-0.1757698	0.31445676	0.0047427183
8.514575553921678e-08	0.598206	-0.8012342	-0.013163899	-0.21552071	0.28866738	0.004742669
8.539302839549726e-08	0.69931215	-0.71469516	-0.013164475	-0.25194708	0.25748926	0.004742876
8.564770229421232e-08	0.7904798	-0.6123467	-0.013164833	-0.28479278	0.22061533	0.004743005
8.589404984330829e-08	0.86455005	-0.5023743	-0.013164359	-0.31147873	0.1809946	0.0047428347
8.615043409944858e-08	0.9254785	-0.3785714	-0.013164857	-0.33342993	0.1363911	0.0047430135
8.641185471283713e-08	0.9694517	-0.24492885	-0.013164415	-0.3492725	0.088242576	0.0047428547
8.666267120792034e-08	0.99360806	-0.1121148	-0.013164648	-0.35797554	0.040392544	0.0047429386
8.692981780556562e-08	0.999416	0.03153404	-0.013164573	-0.36006802	-0.011361035	0.004742912
8.718494072832254e-08	0.9856734	0.16815066	-0.013164696	-0.3551169	-0.06058105	0.004742956
8.743982664173425e-08	0.95338315	0.3014752	-0.013164456	-0.3434834	-0.108614996	0.004742869
8.769262255545332e-08	0.9036324	0.42810667	-0.013164104	-0.32555926	-0.1542376	0.0047427425
8.794550349177844e-08	0.83712745	0.54684967	-0.013164156	-0.30159897	-0.19701815	0.004742762
8.820019667206656e-08	0.75447524	0.6561966	-0.013163754	-0.27182114	-0.23641348	0.004742617
8.845250567242593e-08	0.65861416	0.7523658	-0.01316425	-0.23728445	-0.27106118	0.0047427956
8.87007429109497e-08	0.55243033	0.8334552	-0.013164971	-0.19902873	-0.30027592	0.004743055
8.895836289587808e-08	0.4318289	0.9018595	-0.013164337	-0.15557861	-0.32492054	0.0047428263
8.922243828918759e-08	0.29961056	0.95397073	-0.013165082	-0.10794322	-0.34369504	0.004743095
8.948247800679557e-08	0.16348219	0.9864584	-0.0131646	-0.058899105	-0.35539967	0.0047429213
8.973770893559058e-08	0.0267441	0.99955565	-0.013164402	-0.009635322	-0.36011833	0.0047428496
8.999282786441773e-08	-0.110437594	0.99379593	-0.013164449	0.039788283	-0.3580432	0.0047428664
9.024774503673408e-08	-0.2454314	0.96932465	-0.013164311	0.08842364	-0.3492267	0.004742817
9.050246722320192e-08	-0.37570795	0.92664456	-0.013164366	0.13535947	-0.33385003	0.0047428366
9.07582656207855e-08	-0.49942565	0.8662568	-0.013164049	0.17993227	-0.31209362	0.004742723
9.102114659265931e-08	-0.61668116	0.787103	-0.013164338	0.22217692	-0.28357622	0.0047428263
9.128535540193667e-08	-0.7220886	0.6916754	-0.013164953	0.26015294	-0.24919572	0.004743049
9.153969700564596e-08	-0.80978924	0.58657336	-0.013163768	0.2917496	-0.21132973	0.0047426214
9.179128734930303e-08	-0.8816137	0.4717882	-0.013164279	0.31762636	-0.1699751	0.004742806
9.205187825911949e-08	-0.9389493	0.34380376	-0.013164479	0.33828318	-0.12386508	0.004742878
9.230823992018944e-08	-0.97733665	0.21128143	-0.013164443	0.3521133	-0.07612014	0.0047428645
9.255809628267344e-08	-0.9968485	0.0782297	-0.013164386	0.35914302	-0.028184475	0.004742844
9.281311561567547e-08	-0.9981705	-0.05901296	-0.0131645	0.3596193	0.021261096	0.004742885
9.306825732159753e-08	-0.98067343	-0.19520879	-0.013164366	0.35331547	0.07032952	0.0047428366
9.332316749586945e-08	-0.94472355	-0.32760358	-0.0131644895	0.34036353	0.11802851	0.0047428813
9.357267308854936e-08	-0.89230657	-0.4512381	-0.01316427	0.32147884	0.16257134	0.004742802
9.382546863747685e-08	-0.82278955	-0.5681937	-0.01316458	0.29643333	0.20470792	0.004742914
9.411182553453746e-08	-0.72572404	-0.68786	-0.013164535	0.26146275	0.24782114	0.004742898
9.43624832049953e-08	-0.6265248	-0.7792903	-0.01316455	0.22572337	0.28076148	0.0047429036
9.462008222151062e-08	-0.51271445	-0.8584584	-0.013164013	0.18471995	0.30928403	0.00474271
9.488455286442167e-08	-0.38563904	-0.9225558	-0.013164569	0.13893741	0.33237696	0.00474291
9.513012697686694e-08	-0.26058888	-0.96536016	-0.013164268	0.09388454	0.3477984	0.0047428017
9.538178356461081e-08	-0.12773769	-0.99172074	-0.013164234	0.046021134	0.35729557	0.0047427895
9.563830325784543e-08	0.010075981	-0.9998626	-0.013164372	-0.0036301585	0.3602289	0.0047428394
9.589211986406652e-08	0.14625905	-0.9891588	-0.013164545	-0.052693985	0.3563726	0.004742902
9.614784539117787e-08	0.2806999	-0.9597053	-0.013164521	-0.10113013	0.34576112	0.0047428925
9.640578974475562e-08	0.41091433	-0.91157895	-0.013164786	-0.14804357	0.3284222	0.0047429884
9.666501901399472e-08	0.53379303	-0.8455127	-0.013164543	-0.19231412	0.30462	0.004742901
9.691842836855894e-08	0.6438846	-0.76500946	-0.013164893	-0.23197775	0.2756164	0.0047430266
9.717639330197142e-08	0.74363977	-0.66845095	-0.013164117	-0.26791736	0.24082845	0.004742747
9.742067946462023e-08	0.8249154	-0.56510305	-0.013164168	-0.29719922	0.20359445	0.004742766
9.766818316965411e-08	0.8927117	-0.4504359	-0.013164742	-0.32162476	0.16228235	0.0047429726
9.792517394974345e-08	0.94632846	-0.3229382	-0.013164928	-0.34094173	0.11634767	0.0047430396
9.818390957946816e-08	0.9820159	-0.18833883	-0.0131647745	-0.35379916	0.06785442	0.004742984
9.844558663345236e-08	0.99873614	-0.04850693	-0.0131645035	-0.35982308	0.017476	0.004742887
9.869865551097e-08	0.99606276	0.08766875	-0.013164546	-0.3588599	-0.031585157	0.004742902
9.895395258462534e-08	0.9746406	0.22338852	-0.013164958	-0.351142	-0.080482066	0.0047430503
9.920917874279739e-08	0.9348283	0.3548562	-0.013164266	-0.33679846	-0.12784703	0.004742801
9.946256632951376e-08	0.8778518	0.47875145	-0.013164199	-0.31627107	-0.17248383	0.004742777
9.971505449943275e-08	0.80483437	0.59335357	-0.013163748	-0.28996444	-0.21377249	0.004742614
9.996854561698403e-08	0.71657944	0.69738126	-0.013163832	-0.2581681	-0.25125143	0.0047426447
1.0020988641043396e-07	0.62013036	0.7843883	-0.013164387	-0.22341958	-0.2825982	0.004742845
1.004695122334207e-07	0.5047345	0.86317426	-0.013165422	-0.18184495	-0.31098306	0.0047432175
1.007213252597798e-07	0.38336724	0.92350215	-0.013165146	-0.13811895	-0.3327179	0.004743118
1.00982010154243e-07	0.25033545	0.9680697	-0.013164977	-0.09019047	-0.3487746	0.0047430573
1.0123702919983038e-07	0.11540888	0.9932309	-0.0131645575	-0.04157933	-0.35783967	0.0047429055
1.0149543505331689e-07	-0.023512924	0.99963695	-0.013164486	0.008471199	-0.36014766	0.0047428804
1.0174818818394464e-07	-0.1589749	0.98719484	-0.0131645575	0.05727522	-0.355665	0.0047429055
1.0200435335213447e-07	-0.29325345	0.9559442	-0.013164493	0.10565288	-0.34440607	0.004742883
1.0226274350506649e-07	-0.42304185	0.9060145	-0.013164433	0.15241285	-0.32641748	0.004742861
1.0251658438307998e-07	-0.5425915	0.8398936	-0.01316443	0.19548401	-0.3025955	0.00474286
1.0277840915668881e-07	-0.655265	0.7552845	-0.01316457	0.23607783	-0.2721127	0.00474291
1.0303725757230276e-07	-0.75387704	0.6568836	-0.013164891	0.2716056	-0.23666099	0.0047430256
1.0330191155282803e-07	-0.83955956	0.54310817	-0.013164774	0.30247518	-0.19567016	0.0047429837
1.0356618147511504e-07	-0.90812075	0.41850147	-0.013164962	0.32717633	-0.15077704	0.0047430517
1.0382967400161364e-07	-0.9581899	0.28583026	-0.013164374	0.34521514	-0.102978475	0.0047428394
1.0408613406618623e-07	-0.98842186	0.15115884	-0.013164418	0.35610706	-0.054459274	0.004742855
1.0434174202073007e-07	-0.9998144	0.014065599	-0.013164471	0.36021155	-0.005067532	0.0047428748
1.0459781120603236e-07	-0.99225223	-0.12354055	-0.013164608	0.35748708	0.044508994	0.004742924
1.0485275713865806e-07	-0.96599734	-0.25821656	-0.013164386	0.348028	0.09302986	0.004742844
1.0510771228501393e-07	-0.9215516	-0.38803288	-0.013164582	0.33201516	0.13979988	0.004742915
1.0536245079285592e-07	-0.8598109	-0.5104431	-0.013164877	0.3097713	0.18390164	0.004743021
1.0560813647116231e-07	-0.7849337	-0.61944	-0.013164821	0.28279465	0.22317088	0.0047430005
1.0586009231680477e-07	-0.6939003	-0.71995074	-0.013165055	0.24999729	0.25938272	0.0047430852
1.0611556420874264e-07	-0.5885755	-0.8083352	-0.013163778	0.21205105	0.29122573	0.004742625
1.0637292009868734e-07	-0.47123474	-0.8819097	-0.013164025	0.1697757	0.31773305	0.0047427146
1.066243215637825e-07	-0.34785703	-0.9374552	-0.013164346	0.12532538	0.33774486	0.00474283
1.0688136932346308e-07	-0.21514116	-0.9764943	-0.013164179	0.07751072	0.3518098	0.00474277
1.071430133281384e-07	-0.075839765	-0.9970331	-0.01316443	0.02732343	0.3592095	0.00474286
1.0739846252375161e-07	0.061636996	-0.9980118	-0.013164449	-0.022206478	0.35956213	0.0047428664
1.0765374473135045e-07	0.1978605	-0.9801418	-0.013164545	-0.071284875	0.35312396	0.004742902
1.0790732552673375e-07	0.32948336	-0.9440696	-0.013164115	-0.11870575	0.34012794	0.0047427467
1.0816034190246976e-07	0.45469463	-0.8905502	-0.013163963	-0.16381666	0.32084602	0.004742692
1.084104912631712e-07	0.5702063	-0.82139605	-0.013164296	-0.20543301	0.29593128	0.004742812
1.0866656571564932e-07	0.6777327	-0.7351905	-0.013164091	-0.24417248	0.26487327	0.004742738
1.0892470355146702e-07	0.7730871	-0.6341633	-0.013164259	-0.2785266	0.22847536	0.0047427984
1.0917846844105502e-07	0.85229117	-0.5229021	-0.013164179	-0.3070621	0.18839034	0.00474277
1.0943146658826228e-07	0.9154292	-0.4022638	-0.0131639745	-0.32980943	0.14492697	0.004742696
1.09691469763016e-07	0.9626202	-0.27053505	-0.013164658	-0.34681123	0.097467944	0.0047429423
1.099446825563093e-07	0.99046546	-0.13713074	-0.0131645035	-0.35684332	0.049405247	0.004742887
1.1019360687872044e-07	0.9999073	-0.0034890515	-0.013164476	-0.36024505	0.00125703	0.0047428766
1.1045025963837259e-07	0.99084777	0.13434109	-0.013164544	-0.35698107	-0.048400193	0.004742901
1.1070523661395793e-07	0.96312296	0.26873973	-0.013164718	-0.34699243	-0.09682113	0.0047429632
1.109652687285478e-07	0.91617084	0.4005718	-0.013164449	-0.33007663	-0.14431736	0.0047428664
1.1121936210626284e-07	0.8529469	0.5218319	-0.013164137	-0.30729836	-0.18800479	0.0047427546
1.114778664444125e-07	0.7722633	0.63516617	-0.013164501	-0.2782298	-0.22883667	0.004742885
1.1172704197012529e-07	0.68032104	0.732796	-0.01316413	-0.24510497	-0.2640106	0.004742752
1.1199133220587361e-07	0.5694689	0.82190746	-0.013164765	-0.20516737	-0.29611552	0.004742981
1.122442427984336e-07	0.45256668	0.89163345	-0.01316421	-0.16305	-0.3212363	0.0047427807
1.1249301794862511e-07	0.32938525	0.94410396	-0.0131639475	-0.118670404	-0.34014028	0.0047426866
1.127437865129608e-07	0.19924605	0.9798612	-0.013164265	-0.07178405	-0.3530228	0.004742801
1.1299546733211266e-07	0.064984515	0.9977995	-0.013164452	-0.023412518	-0.35948563	0.0047428682
1.1325115784451043e-07	-0.072624564	0.99727243	-0.013164423	0.026165064	-0.35929576	0.004742858
1.1350665602799656e-07	-0.20875663	0.97787905	-0.01316443	0.07521051	-0.35230875	0.00474286
1.1376155804208551e-07	-0.3406385	0.9401022	-0.01316455	0.1227247	-0.33869857	0.0047429036
1.1401885867227317e-07	-0.46725422	0.8840251	-0.013165038	0.1683416	-0.31849518	0.0047430787
1.1428828269533327e-07	-0.5901919	0.8071557	-0.013164626	0.21263342	-0.29080078	0.0047429306
1.1454121101292188e-07	-0.6943523	0.71951485	-0.013164478	0.2501602	-0.25922567	0.0047428776
1.1479013224722405e-07	-0.7843049	0.62023604	-0.013163468	0.2825681	-0.22345766	0.0047425134
1.1504609332922986e-07	-0.8621047	0.5065593	-0.013164254	0.31059772	-0.1825024	0.0047427965
1.1529947064210828e-07	-0.9230112	0.3845478	-0.013164991	0.33254105	-0.13854428	0.004743062
1.155728260806072e-07	-0.969443	0.24496338	-0.013164712	0.3492694	-0.08825502	0.0047429614
1.1582385412467019e-07	-0.99361694	0.11203611	-0.013164658	0.35797873	-0.040364195	0.0047429423
1.1608162036684035e-07	-0.99956053	-0.026563367	-0.013164541	0.3601201	0.009570207	0.0047429
1.1633843266769128e-07	-0.98634857	-0.16414389	-0.013164482	0.3553601	0.0591375	0.004742879
1.1659299384330987e-07	-0.95465267	-0.29743093	-0.0131646	0.34394076	0.107157946	0.0047429213
1.16847606007526e-07	-0.9050229	-0.42515904	-0.013164441	0.32606024	0.15317562	0.004742864
1.170996706156896e-07	-0.83914286	-0.5437519	-0.013164011	0.30232507	0.19590206	0.004742709
1.1736301166131723e-07	-0.7538421	-0.65692383	-0.013164134	0.27159306	0.23667549	0.0047427537
1.1762759327839657e-07	-0.6528917	-0.75733685	-0.013164481	0.2352228	0.27285212	0.0047428785
1.1788228756519744e-07	-0.5431788	-0.83951396	-0.01316446	0.1956956	0.30245876	0.004742871
1.1814300582624586e-07	-0.4203164	-0.9072821	-0.01316489	0.15143093	0.32687417	0.0047430256
1.184012761727453e-07	-0.29043806	-0.95680326	-0.013164946	0.10463858	0.34471554	0.004743046
1.1865567014382631e-07	-0.15700899	-0.9875095	-0.013164654	0.056566954	0.3557784	0.004742941
1.1891009155834015e-07	-0.020623507	-0.9997006	-0.013164475	0.007430204	0.36017057	0.004742876
1.1916457244756009e-07	0.11617924	-0.99314106	-0.013164342	-0.041856878	0.35780728	0.0047428287
1.1941883421425195e-07	0.25068653	-0.9679789	-0.013164125	-0.09031695	0.3487419	0.00474275
1.1967333459454075e-07	0.38061696	-0.9246392	-0.013164017	-0.13712808	0.33312756	0.004742712
1.1992808051476406e-07	0.503518	-0.8638845	-0.013163736	-0.18140668	0.31123894	0.0047426103
1.2018225772571707e-07	0.616715	-0.78707653	-0.013164773	-0.22218911	0.28356665	0.0047429837
1.2044813104753043e-07	0.72274107	-0.69099355	-0.013165067	-0.26038802	0.24895008	0.00474309
1.2070043961438626e-07	0.8097038	-0.58669126	-0.013164258	-0.29171884	0.2113722	0.0047427975
1.2096180831471542e-07	0.88401806	-0.46726733	-0.013164371	-0.31849262	0.16834632	0.004742839
1.2120700740260858e-07	0.937856	-0.34677497	-0.013164573	-0.3378893	0.12493554	0.004742912
1.214688267214067e-07	0.9772889	-0.21150234	-0.013164543	-0.35209608	0.07619974	0.004742901
1.2171640913338636e-07	0.996734	-0.079674274	-0.0131645715	-0.35910177	0.028704923	0.004742911
1.2197958121668802e-07	0.9979924	0.061950464	-0.0131645035	-0.35955513	-0.022319417	0.004742887
1.2223344995528494e-07	0.9802302	0.19742215	-0.013164491	-0.3531558	-0.07112694	0.004742882
1.224889321577366e-07	0.9438798	0.33002684	-0.013164314	-0.34005955	-0.118901536	0.004742818
1.2273895616912587e-07	0.8910187	0.4537757	-0.013165103	-0.32101476	-0.16348559	0.004743103
1.230085597412052e-07	0.81596965	0.57794493	-0.013165066	-0.29397625	-0.20822111	0.004743089
1.2325449192862626e-07	0.7324771	0.68066436	-0.013164979	-0.2638957	-0.24522868	0.0047430582
1.2351015598581808e-07	0.6320995	0.77477545	-0.013163738	-0.22773182	-0.27913493	0.0047426103
1.237621698964207e-07	0.5214358	0.85318905	-0.013164506	-0.18786207	-0.30738562	0.004742888
1.2401531583938736e-07	0.40061715	0.91615105	-0.013164365	-0.14433372	-0.33006942	0.0047428366
1.242560946248688e-07	0.27876282	0.96026975	-0.013164268	-0.10043223	-0.34596443	0.0047428017
1.2452035369043671e-07	0.13971461	0.9901043	-0.01316441	-0.050336163	-0.35671318	0.0047428533
1.2477664164092402e-07	0.0021323191	0.9999111	-0.013164469	-0.00076822855	-0.3602464	0.004742874
1.2503416870049258e-07	-0.13615125	0.99060065	-0.013164277	0.049052358	-0.35689205	0.004742805
1.2528877083223165e-07	-0.27030092	0.96268594	-0.0131640015	0.09738359	-0.34683496	0.0047427053
1.255405989075849e-07	-0.39800343	0.91728956	-0.013163787	0.14339204	-0.33047962	0.004742629
1.257961419635326e-07	-0.5201023	0.8540026	-0.013163928	0.18738165	-0.3076787	0.004742679
1.2604815070567896e-07	-0.63088906	0.7757613	-0.01316443	0.22729573	-0.27949008	0.00474286
1.263159006424024e-07	-0.73583657	0.6770313	-0.013164439	0.26510602	-0.24391976	0.0047428636
1.2656852114360343e-07	-0.8208787	0.5709508	-0.013164568	0.2957449	-0.20570126	0.004742909
1.2681910049680935e-07	-0.89024484	0.45529202	-0.013164742	0.32073605	-0.1640319	0.0047429726
1.2707024303166418e-07	-0.9435163	0.33106464	-0.013164593	0.3399286	-0.11927545	0.0047429185
1.273210807067464e-07	-0.9795131	0.20095024	-0.013164259	0.35289747	-0.07239804	0.0047427984
1.2756638934127574e-07	-0.99745005	0.07014414	-0.013164329	0.35935974	-0.025271421	0.0047428235
1.2782468326648703e-07	-0.9975393	-0.06886398	-0.013164403	0.35939187	0.024810206	0.0047428505
1.2807978000618569e-07	-0.9787033	-0.20485726	-0.0131645845	0.35260567	0.073805645	0.0047429157
1.283383223869212e-07	-0.9407897	-0.33873504	-0.013164691	0.33894622	0.12203892	0.004742954
1.2858922633646416e-07	-0.8865674	-0.46241212	-0.0131647615	0.3194111	0.16659711	0.004742979
1.288507255549835e-07	-0.81286675	-0.582301	-0.013163697	0.29285833	0.2097905	0.0047425963
1.2910635106399884e-07	-0.7252491	-0.6883607	-0.013164017	0.26129156	0.24800152	0.004742712
1.2935501856091352e-07	-0.6268264	-0.7790478	-0.013164019	0.22583202	0.28067413	0.004742712
1.2960619479388157e-07	-0.51601595	-0.8564778	-0.013165057	0.18590939	0.30857044	0.004743086
1.2985304157720119e-07	-0.39791203	-0.9173292	-0.013164086	0.14335912	0.33049393	0.004742736
1.3009819951970724e-07	-0.27366307	-0.96173555	-0.013164038	0.098594904	0.34649253	0.0047427183
1.3034744144562015e-07	-0.14247198	-0.98971134	-0.013163985	0.051329583	0.35657164	0.0047426997
1.3059980364683503e-07	-0.007034908	-0.9998887	-0.013164291	0.0025345255	0.36023834	0.00474281
1.3085567486568864e-07	0.13040768	-0.99137306	-0.013164378	-0.04698307	0.3571703	0.0047428412
1.3111076153915788e-07	0.26497087	-0.9641665	-0.013164592	-0.09546329	0.34736842	0.0047429185
1.3136644143753143e-07	0.39483288	-0.91865873	-0.013164287	-0.14224976	0.3309729	0.0047428086
1.3161985739942632e-07	0.5161704	-0.85638475	-0.01316366	-0.18596506	0.30853695	0.004742583
1.3186920964013585e-07	0.6261998	-0.77955157	-0.013164895	-0.22560625	0.2808556	0.0047430275
1.3213576036956968e-07	0.7313026	-0.6819261	-0.013164987	-0.26347256	0.24568325	0.004743061
1.323886757100281e-07	0.8171446	-0.5762825	-0.013164408	-0.29439956	0.20762216	0.0047428515
1.3264463203743576e-07	0.8885927	-0.45850837	-0.0131635815	-0.3201408	0.16519067	0.0047425544
1.3289416846445024e-07	0.94202006	-0.3352983	-0.013164074	-0.3393895	0.12080075	0.0047427323
1.3313995318461247e-07	0.9780377	-0.20801206	-0.013164098	-0.3523659	0.07494225	0.0047427407
1.333965714440744e-07	0.99737054	-0.0712664	-0.013164233	-0.35933107	0.025675744	0.004742789
1.3364745072495691e-07	0.99787873	0.06375594	-0.01316434	-0.35951418	-0.022969887	0.0047428273
1.3390289466684304e-07	0.97970223	0.20002587	-0.0131642725	-0.35296556	-0.072064996	0.004742803
1.3415989721216143e-07	0.9427267	0.33330637	-0.013164521	-0.33964407	-0.1200831	0.0047428925
1.3441149133344085e-07	0.8890499	0.4576212	-0.0131638795	-0.3203055	-0.16487104	0.0047426615
1.3467380808412935e-07	0.8157455	0.57826126	-0.013163549	-0.29389548	-0.20833506	0.0047425423
1.3493846713702459e-07	0.7253135	0.6882928	-0.013164754	-0.2613148	-0.24797706	0.0047429763
1.3518936634609725e-07	0.6259571	0.7797464	-0.013164804	-0.22551882	-0.2809258	0.004742995
1.3544222323378378e-07	0.5142813	0.8575206	-0.013164373	-0.18528444	-0.30894613	0.0047428394
1.3569385921884808e-07	0.39368644	0.91915065	-0.013164297	-0.14183673	-0.33115017	0.0047428124
1.3594339365203965e-07	0.2669605	0.9636176	-0.013164396	-0.09618011	-0.34717065	0.0047428478
1.3619814681096987e-07	0.13263321	0.9910778	-0.013164404	-0.047784884	-0.35706392	0.0047428505
1.3645331986230093e-07	-0.004414093	0.9999036	-0.013164379	0.0015903024	-0.3602437	0.0047428412
1.3670734205121103e-07	-0.14076468	0.98995554	-0.013164373	0.050714478	-0.35665965	0.0047428394
1.3696202673252666e-07	-0.27482718	0.96140355	-0.0131644355	0.09901431	-0.34637296	0.004742862
1.372184434837851e-07	-0.40458038	0.9144077	-0.013164462	0.14576158	-0.3294413	0.004742871
1.37477338407791e-07	-0.52775925	0.84929204	-0.013164303	0.19014028	-0.30598158	0.004742814
1.377332657237273e-07	-0.6394613	0.7687106	-0.013164501	0.23038408	-0.27694985	0.004742885
1.379815972209941e-07	-0.736272	0.6765577	-0.013164659	0.2652629	-0.24374914	0.0047429428
1.3824384855676961e-07	-0.8241937	0.5661551	-0.013164532	0.29693925	-0.20397347	0.004742897
1.3848493121929379e-07	-0.8905687	0.45465827	-0.013164195	0.32085264	-0.16380358	0.0047427756
1.387300334461495e-07	-0.94267017	0.33346626	-0.013163908	0.33962375	-0.1201407	0.004742672
1.389838284706326e-07	-0.97932035	0.20188734	-0.013164131	0.35282797	-0.07273565	0.0047427523
1.3924142325816362e-07	-0.99783105	0.06449883	-0.013164237	0.359497	-0.023237536	0.004742791
1.3949162480668538e-07	-0.9974489	-0.07015979	-0.01316438	0.35935932	0.02527706	0.004742842
1.3974652619808627e-07	-0.97845817	-0.20602523	-0.013164549	0.35251737	0.07422644	0.0047429027
1.400037059144515e-07	-0.9406336	-0.33916855	-0.013164834	0.33888996	0.12219511	0.0047430056
1.4025887686402044e-07	-0.8852891	-0.46485484	-0.013164412	0.31895053	0.16747719	0.0047428543
1.4051384821110214e-07	-0.8133095	-0.58168244	-0.013164186	0.29301786	0.2095676	0.0047427723
1.4075299872763395e-07	-0.7318441	-0.68134487	-0.01316491	0.26366764	0.24547386	0.004743033
1.4102786848837943e-07	-0.6233222	-0.78185433	-0.013164795	0.22456953	0.28168526	0.0047429916
1.4127970757852877e-07	-0.51185536	-0.8589708	-0.013164706	0.18441045	0.3094687	0.0047429595
1.415398734940746e-07	-0.3868522	-0.92204785	-0.013164156	0.13937451	0.33219397	0.004742762
1.417881400833991e-07	-0.26045907	-0.96539515	-0.013164214	0.093837775	0.34781104	0.0047427826
1.4205445821775079e-07	-0.11976979	-0.9927144	-0.013164093	0.043150477	0.35765356	0.004742739
1.4231090797817e-07	0.018066391	-0.99975014	-0.0131643005	-0.0065089306	0.36018842	0.0047428133
1.4256863965664006e-07	0.15624136	-0.9876312	-0.01316435	-0.056290388	0.3558222	0.004742831
1.4282267089002305e-07	0.2895041	-0.9570863	-0.013164532	-0.10430208	0.34481758	0.004742897
1.4308238612160705e-07	0.4201342	-0.9073665	-0.013164447	-0.15136528	0.32690454	0.0047428664
1.4333515308940118e-07	0.53940666	-0.84194255	-0.013164357	-0.1943366	0.30333376	0.004742834
1.4358553519984303e-07	0.64771706	-0.7617673	-0.013164417	-0.23335847	0.27444834	0.004742855
1.4383480513658928e-07	0.7438664	-0.6681987	-0.01316473	-0.267999	0.24073756	0.004742968
1.4410733797724064e-07	0.8336078	-0.55219996	-0.013164093	-0.3003309	0.19894575	0.004742739
1.443595261402128e-07	0.90071	-0.4342215	-0.013164482	-0.32450637	0.15644065	0.004742879
1.4460450569369578e-07	0.95001334	-0.31193164	-0.013164692	-0.3422693	0.11238225	0.0047429544
1.4486284232803818e-07	0.9840979	-0.17713873	-0.013164778	-0.35454923	0.06381926	0.0047429856
1.4512742147165089e-07	0.9992808	-0.03556178	-0.013164732	-0.36001933	0.012812141	0.004742969
1.4538399987958447e-07	0.99465114	0.10244952	-0.013164561	-0.35835135	-0.036910348	0.0047429074
1.4563866435735324e-07	0.97129714	0.23750482	-0.0131645	-0.3499374	-0.08556786	0.004742885
1.458940451740694e-07	0.92955214	0.36845568	-0.013164947	-0.33489758	-0.13274664	0.004743046
1.4615168276543287e-07	0.869644	0.493504	-0.013164309	-0.31331396	-0.17779884	0.004742816
1.4640553339965693e-07	0.79425746	0.60743886	-0.0131634995	-0.2861538	-0.21884713	0.004742525
1.466505037820602e-07	0.7074354	0.7066554	-0.013164213	-0.25487372	-0.2545927	0.0047427816
1.4689828500628398e-07	0.60710764	0.7945106	-0.013164063	-0.2187278	-0.286245	0.0047427276
1.4714991950939483e-07	0.49417767	0.8692613	-0.013164868	-0.17804156	-0.3131761	0.0047430173
1.4739735918175412e-07	0.3742752	0.9272242	-0.0131645175	-0.13484329	-0.33405888	0.0047428915
1.4764517466623275e-07	0.24753638	0.9687892	-0.013164916	-0.08918202	-0.34903383	0.004743035
1.4790609815546042e-07	0.10937608	0.99391323	-0.013164788	-0.03940584	-0.3580855	0.0047429884
1.481626273190812e-07	-0.02857387	0.999505	-0.013164608	0.010294549	-0.36010006	0.004742924
1.4841724972850308e-07	-0.16496448	0.9862117	-0.013164507	0.05943314	-0.3553108	0.004742888
1.4867152769632032e-07	-0.2980794	0.9544503	-0.0131644355	0.10739157	-0.34386784	0.004742862
1.4892596016654e-07	-0.42568472	0.90477586	-0.013164747	0.15336502	-0.3259712	0.0047429744
1.4917880747560482e-07	-0.5445929	0.8385972	-0.013164581	0.19620508	-0.30212846	0.004742915
1.494339021361493e-07	-0.6543294	0.7560951	-0.013164583	0.23574077	-0.27240476	0.0047429153
1.4968796889832884e-07	-0.7513632	0.65975755	-0.013164468	0.27069992	-0.23769641	0.004742874
1.499309091297037e-07	-0.83103067	0.556071	-0.013164256	0.29940242	-0.20034038	0.0047427975
1.5019235913758746e-07	-0.90085745	0.43391556	-0.013164854	0.3245595	-0.1563304	0.0047430126
1.5045206064014765e-07	-0.9525604	0.30406475	-0.013164142	0.34318697	-0.10954797	0.0047427565
1.5070020114267898e-07	-0.984585	0.17441124	-0.013164231	0.35472476	-0.0628366	0.004742788
1.509589317301116e-07	-0.9992671	0.035946917	-0.0131642325	0.36001438	-0.012950899	0.004742789
1.512096177944713e-07	-0.9950098	-0.09890553	-0.0131644225	0.35848054	0.03563353	0.004742857
1.514652275558131e-07	-0.9720181	-0.234537	-0.01316445	0.3501972	0.08449863	0.0047428673
1.517201904903478e-07	-0.93075603	-0.36540383	-0.013163791	0.33533132	0.13164714	0.00474263
1.5197477003693214e-07	-0.87206817	-0.48920745	-0.013164561	0.31418735	0.17625087	0.0047429074
1.522248241088978e-07	-0.79847485	-0.60188425	-0.013164221	0.28767323	0.21684591	0.0047427844
1.5247252180397125e-07	-0.7113104	-0.70275486	-0.013164365	0.25626978	0.25318742	0.0047428366
1.5272645714248564e-07	-0.60883564	-0.7931872	-0.013165161	0.21935034	0.28576824	0.0047431234
1.5298602789912268e-07	-0.49234414	-0.8703011	-0.01316502	0.17738098	0.31355074	0.004743073
1.5324670486887537e-07	-0.36568907	-0.93064404	-0.013164987	0.1317499	0.33529097	0.004743061
1.5350778004558413e-07	-0.23162733	-0.9727155	-0.013164808	0.083450325	0.35044843	0.0047429963
1.537652010931595e-07	-0.094954304	-0.99539465	-0.013164465	0.03420999	0.3586192	0.004742873
1.5401737367929903e-07	0.040715426	-0.99908406	-0.0131644495	-0.014668889	0.3599484	0.0047428673
1.542730741947077e-07	0.17750475	-0.9840319	-0.013164307	-0.063951135	0.35452545	0.004742816
1.5452722045609513e-07	0.3101358	-0.95060116	-0.013164271	-0.11173524	0.34248108	0.004742803
1.547799743651934e-07	0.43628713	-0.8997113	-0.013164206	-0.15718484	0.32414657	0.00474278
1.5503089544005005e-07	0.55354434	-0.8327157	-0.013164459	-0.1994301	0.3000095	0.0047428706
1.552941087157242e-07	0.66565806	-0.74614096	-0.013164171	-0.23982224	0.2688185	0.0047427667
1.5553953803677737e-07	0.7582036	-0.6518849	-0.013164117	-0.2731644	0.23486006	0.004742747
1.557998339940996e-07	0.8418637	-0.5395297	-0.0131637305	-0.30330533	0.1943809	0.0047426084
1.560496857348381e-07	0.9066426	-0.42169422	-0.013163796	-0.32664376	0.15192732	0.0047426317
1.562991936206995e-07	0.95497096	-0.2964072	-0.013164288	-0.34405544	0.10678911	0.0047428086
1.565600653615484e-07	0.98707217	-0.15973537	-0.013164004	-0.3556208	0.057549205	0.004742706
1.5681063228873688e-07	0.9995892	-0.025462862	-0.013164306	-0.36013043	0.009173721	0.0047428156
1.5706624078785868e-07	0.9936241	0.11197283	-0.013164412	-0.3579813	-0.040341396	0.0047428543
1.5732128886741745e-07	0.968927	0.24699654	-0.013164446	-0.34908348	-0.08898753	0.004742866
1.5757492167107004e-07	0.9262579	0.37666035	-0.01316475	-0.33371073	-0.13570258	0.0047429753
1.578241597602762e-07	0.8675038	0.49725625	-0.013165048	-0.31254292	-0.17915067	0.0047430834
1.580830386145356e-07	0.7899625	0.6130139	-0.013164479	-0.2846064	-0.2208557	0.004742878
1.5834347184525946e-07	0.69648844	0.71744734	-0.013164146	-0.25092977	-0.2584808	0.004742758
1.5859598949024916e-07	0.59276736	0.80526614	-0.013164438	-0.2135613	-0.29012	0.0047428627
1.5885350670004571e-07	0.4757261	0.87949497	-0.013164941	-0.17139384	-0.31686306	0.0047430443
1.5913543219697162e-07	0.33719996	0.9413411	-0.01316451	-0.121485874	-0.3391449	0.0047428887
1.5938870192795747e-07	0.20604011	0.97845507	-0.0131643815	-0.0742318	-0.35251623	0.004742842
1.5964599106900965e-07	0.068892285	0.9975373	-0.013164485	-0.024820402	-0.35939118	0.0047428794
1.5990348704396466e-07	-0.06968809	0.997482	-0.013164492	0.025107114	-0.35937124	0.004742883
1.6015865285629772e-07	-0.20570219	0.9785262	-0.01316452	0.07411006	-0.35254186	0.0047428925
1.6041355481468745e-07	-0.33770433	0.9411602	-0.013164948	0.121667586	-0.33907974	0.0047430466
1.6067204760790732e-07	-0.4650641	0.88517916	-0.013164361	0.16755258	-0.31891096	0.0047428347
1.609287036027287e-07	-0.5826129	0.8126433	-0.01316427	0.20990282	-0.29277784	0.004742802
1.611872641709914e-07	-0.6897865	0.72389317	-0.0131641645	0.24851519	-0.26080307	0.004742764
1.6145263562080618e-07	-0.7858743	0.61824626	-0.01316411	0.28313357	-0.2227408	0.0047427444
1.6170347968424647e-07	-0.86199486	0.50674605	-0.013164128	0.31055817	-0.18256968	0.004742751
1.619698515667084e-07	-0.92559755	0.37828022	-0.013164681	0.33347285	-0.1362862	0.00474295
1.6222289921662088e-07	-0.9684152	0.24899536	-0.01316465	0.34889913	-0.08970766	0.004742939
1.624774700107878e-07	-0.9933619	0.11427574	-0.013164555	0.35788685	-0.04117108	0.004742905
1.627324294647116e-07	-0.9996534	-0.022797896	-0.0131644895	0.36015353	0.00821359	0.0047428813
1.629867062799118e-07	-0.98717815	-0.15907872	-0.013164524	0.35565898	0.05731263	0.004742894
1.6324287463441184e-07	-0.95591325	-0.2933541	-0.013164415	0.34439492	0.10568915	0.0047428547
1.6349489654304115e-07	-0.907417	-0.4200254	-0.0131640695	0.32692277	0.15132609	0.0047427304
1.6374691402561515e-07	-0.84222364	-0.53896767	-0.013164359	0.303435	0.19417842	0.0047428347
1.6402167638092334e-07	-0.7535389	-0.6572716	-0.013164512	0.2714838	0.23680079	0.0047428897
1.6427874348346124e-07	-0.6556063	-0.75498825	-0.01316414	0.23620081	0.27200598	0.0047427556
1.6451660721030186e-07	-0.5537607	-0.83257174	-0.013165135	0.19950804	0.29995763	0.004743114
1.6477259294895641e-07	-0.4340605	-0.90078753	-0.013164811	0.15638265	0.3245343	0.0047429968
1.650217042734067e-07	-0.3096443	-0.9507613	-0.013164689	0.11155816	0.3425388	0.004742954
1.652822594641775e-07	-0.17359611	-0.98472893	-0.013164479	0.062542945	0.35477656	0.004742878
1.6552836578057959e-07	-0.041910607	-0.9990347	-0.013164455	0.015099488	0.35993066	0.004742869
1.6578542566293069e-07	0.096383676	-0.9952572	-0.013164473	-0.034724962	0.35856968	0.0047428757
1.660402414708306e-07	0.23165746	-0.9727084	-0.013164449	-0.08346119	0.35044587	0.0047428664
1.6629335115473166e-07	0.36171785	-0.93219465	-0.013164434	-0.13031913	0.3358496	0.0047428617
1.6654708795549217e-07	0.48535874	-0.874216	-0.013164692	-0.17486426	0.3149612	0.0047429544
1.6679866143116065e-07	0.59901464	-0.80063	-0.013164216	-0.21581206	0.2884497	0.0047427826
1.6705317569934702e-07	0.7028151	-0.7112508	-0.013164858	-0.2532091	0.25624833	0.0047430145
1.673053349249879e-07	0.7926547	-0.60952866	-0.0131646395	-0.28557634	0.21960004	0.0047429353
1.6756080627217023e-07	0.8687757	-0.49503082	-0.01316481	-0.31300116	0.17834891	0.0047429968
1.6781451728924806e-07	0.9281186	-0.3720518	-0.013164414	-0.3343811	0.13404223	0.0047428543
1.6807525943215728e-07	0.9710629	-0.23846127	-0.013164282	-0.34985304	0.08591245	0.004742807
1.6832109206841515e-07	0.9940465	-0.10815914	-0.013164828	-0.35813352	0.038967405	0.0047430033
1.6857762239465668e-07	0.9994692	0.029798301	-0.013164616	-0.36008716	-0.010735686	0.004742927
1.6883269546306496e-07	0.98596853	0.16641168	-0.013164275	-0.3552232	-0.05995454	0.004742804
1.6908703217170302e-07	0.95400274	0.2995088	-0.013164573	-0.34370664	-0.107906565	0.004742912
1.6934533197945109e-07	0.90324444	0.42892456	-0.013164721	-0.3254195	-0.15453225	0.004742965
1.6959828559568932e-07	0.8366068	0.5476457	-0.013164855	-0.3014114	-0.19730493	0.004743013
1.6986213549905922e-07	0.7505989	0.66062707	-0.01316441	-0.27042457	-0.23800969	0.0047428533
1.701090660871004e-07	0.6563551	0.7543374	-0.01316462	-0.23647055	-0.2717715	0.004742929
1.703664675040479e-07	0.5457994	0.83781254	-0.013164634	-0.19663975	-0.3018458	0.0047429334
1.7061733348462759e-07	0.4279504	0.9037064	-0.013164857	-0.1541813	-0.3255859	0.0047430135
1.7087620656873456e-07	0.29818425	0.9544175	-0.01316488	-0.10742934	-0.34385604	0.004743022
1.7114203824176215e-07	0.15892915	0.9872022	-0.013164583	-0.057258748	-0.35566765	0.0047429153
1.7140201896195798e-07	0.019573763	0.9997218	-0.013164556	-0.007052005	-0.36017823	0.0047429055
1.716600341330309e-07	-0.11911321	0.9927935	-0.013164538	0.042913914	-0.3576821	0.004742899
1.7191509487340112e-07	-0.25396514	0.9671238	-0.013164847	0.09149816	-0.3484338	0.00474301
1.7217267399935816e-07	-0.38528228	0.9227049	-0.013164314	0.13880888	-0.33243066	0.004742818
1.724248222213984e-07	-0.5066746	0.8620369	-0.01316462	0.18254393	-0.31057328	0.004742929
1.726956126902338e-07	-0.6265879	0.77923954	-0.013164721	0.2257461	-0.28074318	0.004742965
1.7294292724625584e-07	-0.7245405	0.6891066	-0.013164473	0.26103628	-0.24827024	0.0047428757
1.7320789380322912e-07	-0.81519467	0.57903755	-0.013164948	0.29369706	-0.20861474	0.0047430466
1.7348024635839672e-07	-0.8910833	0.45364884	-0.013164832	0.32103807	-0.16343988	0.004743005
1.7374258717264973e-07	-0.9460954	0.3236205	-0.013165051	0.3408578	-0.11659348	0.004743084
1.7399714563955007e-07	-0.981452	0.19125584	-0.013164877	0.35359597	-0.06890535	0.004743021
1.7424739347306423e-07	-0.9982518	0.057619475	-0.0131645035	0.3596486	-0.020759054	0.004742887
1.7450328817907226e-07	-0.9967006	-0.08009186	-0.013164499	0.35908973	0.028855367	0.004742885
1.7475831193535246e-07	-0.9763432	-0.2158259	-0.013164254	0.35175538	0.07775742	0.0047427965
1.7501601247218656e-07	-0.93708885	-0.34884265	-0.013164189	0.33761287	0.12568049	0.0047427732
1.7527081729028526e-07	-0.8805469	-0.4737762	-0.013164198	0.3172421	0.17069134	0.004742776
1.7552419634234885e-07	-0.8078954	-0.58917886	-0.013164271	0.2910673	0.21226844	0.004742803
1.7577853440551676e-07	-0.71985805	-0.6939964	-0.013164512	0.25934935	0.25003195	0.0047428897
1.7603996860316475e-07	-0.61532277	-0.7881654	-0.013164743	0.22168751	0.28395897	0.0047429726
1.7628915229950282e-07	-0.5043109	-0.8634218	-0.013164867	0.18169233	0.3110723	0.0047430173
1.7654078904223862e-07	-0.3830078	-0.92365134	-0.013164472	0.13798943	0.33277166	0.004742875
1.7678827007373507e-07	-0.25684282	-0.9663636	-0.013164723	0.09253493	0.34815997	0.004742966
1.7704643176428848e-07	-0.120411314	-0.9926368	-0.013164512	0.043381598	0.3576256	0.0047428897
1.7729795660679966e-07	0.014771039	-0.99980426	-0.013164465	-0.0053216866	0.3602079	0.004742873
1.7755368537562036e-07	0.15192051	-0.9883051	-0.013164473	-0.05473368	0.35606503	0.0047428757
1.7780813479037183e-07	0.28553233	-0.95827866	-0.013164619	-0.102871135	0.34524715	0.004742928
1.7806233504030622e-07	0.413665	-0.91033405	-0.013163996	-0.14903456	0.32797372	0.004742704
1.7831320968313753e-07	0.53253746	-0.8463041	-0.013164761	-0.19186175	0.30490512	0.004742979
1.7856293587314008e-07	0.64122945	-0.76723635	-0.0131647615	-0.23102114	0.2764187	0.004742979
1.788240284370327e-07	0.74244845	-0.6697739	-0.013165131	-0.26748812	0.24130508	0.0047431123
1.7907790101675317e-07	0.8268281	-0.56230056	-0.013164907	-0.29788834	0.20258474	0.004743032
1.7934042059291566e-07	0.8978265	-0.44015262	-0.013164753	-0.32346752	0.1585775	0.0047429763
1.795842333105491e-07	0.9477352	-0.31878644	-0.0131643955	-0.34144855	0.11485188	0.0047428478
1.798363475201107e-07	0.9821686	-0.18754111	-0.013164312	-0.35385418	0.06756701	0.0047428175
1.800866083705077e-07	0.99846286	-0.053839285	-0.01316433	-0.35972464	0.019397134	0.0047428245
1.8034201084892426e-07	0.99641246	0.08360007	-0.013164392	-0.3589859	-0.0301193	0.0047428464
1.8059760552951053e-07	0.97551	0.2195611	-0.013164577	-0.35145524	-0.07910313	0.004742913
1.808526499409907e-07	0.93624896	0.35109082	-0.013164904	-0.33731025	-0.12649044	0.0047430308
1.8111105358519745e-07	0.8784816	0.47759467	-0.013164893	-0.31649798	-0.17206706	0.0047430266
1.813677059673052e-07	0.80428195	0.5941021	-0.013165115	-0.28976545	-0.21404216	0.0047431067
1.8162903331908595e-07	0.7129683	0.70107263	-0.01316471	-0.2568671	-0.25258136	0.0047429614
1.8188981485654575e-07	0.60778606	0.79399174	-0.013164462	-0.21897219	-0.28605813	0.004742871
1.821521060812254e-07	0.48992363	0.871666	-0.01316426	-0.17650892	-0.31404245	0.0047427993
1.8240173375373423e-07	0.3686466	0.9294764	-0.01316445	-0.13281542	-0.3348703	0.0047428673
1.8265527777492918e-07	0.23866545	0.9710126	-0.013164411	-0.08598601	-0.34983486	0.0047428533
1.8291234662875277e-07	0.102350585	0.9946613	-0.013164528	-0.036874708	-0.358355	0.0047428953
1.8317129556084273e-07	-0.036936257	0.9992309	-0.013164512	0.013307337	-0.36000133	0.0047428897
1.8342818937903273e-07	-0.17441504	0.9845843	-0.013164183	0.06283797	-0.35472447	0.0047427714
1.836834153533558e-07	-0.30770162	0.95139194	-0.013164004	0.110858254	-0.342766	0.004742706
1.8393837911199095e-07	-0.43505436	0.9003081	-0.013164347	0.1567407	-0.32436156	0.00474283
1.8419318861769023e-07	-0.5541484	0.83231384	-0.013164349	0.1996477	-0.2998647	0.004742831
1.844447950522709e-07	-0.6615269	0.74980587	-0.013164836	0.23833388	-0.27013886	0.004743007
1.8470522603552775e-07	-0.75987	0.6499418	-0.013164768	0.27376476	-0.23416	0.004742982
1.8495144376053767e-07	-0.8391467	0.5437459	-0.013164877	0.30232644	-0.1958999	0.004743021
1.8521586688911148e-07	-0.907836	0.41911873	-0.0131646525	0.32707375	-0.15099946	0.004742941
1.8547317635729767e-07	-0.9570352	0.2896729	-0.013164711	0.34479916	-0.104362905	0.0047429614
1.8572086132740375e-07	-0.9870634	0.1597894	-0.013164454	0.35561767	-0.05756867	0.0047428682
1.8597482858758126e-07	-0.9996328	0.02368486	-0.013164433	0.36014614	-0.008533144	0.004742861
1.8622463326567912e-07	-0.99377394	-0.11063486	-0.013164503	0.35803533	0.039859354	0.0047428864
1.8648025476111719e-07	-0.9691823	-0.24599251	-0.01316462	0.34917545	0.08862579	0.004742929
1.8673679392586745e-07	-0.92605793	-0.37715173	-0.013164171	0.33363867	0.13587964	0.0047427667
1.8699029898824478e-07	-0.86609614	-0.4997042	-0.013164409	0.31203577	0.18003264	0.0047428524
1.872505884363655e-07	-0.7877636	-0.61583716	-0.0131647475	0.28381422	0.22187285	0.0047429744
1.875099125169731e-07	-0.69434315	-0.71952367	-0.013164408	0.25015685	0.25922886	0.0047428515
1.877636347435489e-07	-0.5898372	-0.80741495	-0.013164535	0.21250561	0.29089418	0.004742898
1.8802027830227047e-07	-0.4729457	-0.88099337	-0.013163899	0.17039213	0.3174029	0.004742669
1.882689317323284e-07	-0.35106415	-0.9362589	-0.013164491	0.12648085	0.33731392	0.004742882
1.885278981627344e-07	-0.21747266	-0.9759777	-0.013164628	0.07835071	0.35162377	0.0047429316
1.887851810200585e-07	-0.08056036	-0.99666286	-0.013164591	0.02902416	0.35907614	0.0047429176
1.8903887146852387e-07	0.055965446	-0.998346	-0.013164527	-0.020163143	0.3596825	0.0047428953
1.892929531851693e-07	0.19165418	-0.9813743	-0.0131644085	-0.06904887	0.353568	0.0047428524
1.8954896175945373e-07	0.32473993	-0.94571173	-0.013164596	-0.116996795	0.34071952	0.00474292
1.898014634820838e-07	0.44997367	-0.8929448	-0.013164424	-0.16211581	0.32170874	0.004742858
1.9005215576847794e-07	0.56609285	-0.8242364	-0.013164183	-0.20395103	0.2969546	0.0047427714
1.9030374212912874e-07	0.67226046	-0.7401977	-0.013164674	-0.24220094	0.26667726	0.0047429474
1.9055370799904148e-07	0.76553994	-0.64325374	-0.013164371	-0.2758075	0.23175043	0.004742839
1.9080728254191907e-07	0.8459981	-0.53302354	-0.013164048	-0.3047949	0.19203687	0.004742722
1.9105775120446246e-07	0.9100056	-0.41438705	-0.013164473	-0.3278554	0.1492947	0.0047428757
1.913074855307457e-07	0.95736015	-0.28859702	-0.0131645175	-0.34491622	0.10397528	0.0047428915
1.9155506325443553e-07	0.98723286	-0.15873891	-0.013164458	-0.3556787	0.057190206	0.00474287
1.9180094814094338e-07	0.99954957	-0.02697241	-0.01316437	-0.36011612	0.009717576	0.0047428384
1.9205800786437307e-07	0.9937054	0.1112494	-0.013164455	-0.3580106	-0.04008076	0.004742869
1.9231281528340947e-07	0.9691383	0.24616583	-0.013164288	-0.34915963	-0.08868824	0.0047428086
1.9256721963422924e-07	0.92642504	0.3762492	-0.013163824	-0.33377093	-0.13555446	0.004742642
1.9282167201943658e-07	0.8663305	0.4992977	-0.013163779	-0.3121202	-0.17988622	0.0047426256
1.930816312557603e-07	0.7881659	0.61532205	-0.013163846	-0.28395915	-0.22168726	0.00474265
1.933324442182618e-07	0.6981065	0.7158728	-0.013164716	-0.25151274	-0.25791353	0.0047429632
1.935876766163141e-07	0.593406	0.8047956	-0.013164748	-0.21379137	-0.28995052	0.0047429744
1.9383811800229419e-07	0.479771	0.8772951	-0.013164625	-0.17285112	-0.3160705	0.0047429306
1.94095847952637e-07	0.35375133	0.93524694	-0.01316473	-0.12744898	-0.3369493	0.004742968
1.9434273862907383e-07	0.22661294	0.973896	-0.013164391	-0.081643745	-0.35087374	0.004742846
1.9460509704095592e-07	0.08717918	0.9961057	-0.01316446	-0.03140878	-0.3588754	0.004742871
1.9485385790836747e-07	-0.046679925	0.99882317	-0.013164462	0.016817769	-0.35985443	0.004742871
1.951105685938859e-07	-0.1839123	0.98285455	-0.0131643955	0.06625964	-0.3541013	0.0047428478
1.9536473220554296e-07	-0.31633195	0.9485573	-0.013164179	0.113967575	-0.34174472	0.00474277
1.9561737347624195e-07	-0.44209445	0.8968719	-0.01316467	0.1592771	-0.32312357	0.0047429465
1.9586888026224485e-07	-0.55917835	0.828943	-0.013164133	0.20145988	-0.2986503	0.0047427528
1.9611606036359716e-07	-0.6642726	0.7473745	-0.013163977	0.2393231	-0.26926285	0.004742697
1.9637427430448028e-07	-0.7614745	0.6480613	-0.013164828	0.27434283	-0.23348248	0.0047430033
1.9662629806667303e-07	-0.8421777	0.53903955	-0.013164362	0.30341846	-0.19420433	0.0047428356
1.9687284229455616e-07	-0.9061381	0.42277706	-0.013164934	0.32646203	-0.15231746	0.0047430415
1.9712821255432273e-07	-0.95555264	0.29452664	-0.013164757	0.34426498	-0.10611159	0.004742978
1.973803172787537e-07	-0.9866296	0.16244616	-0.01316477	0.35546136	-0.058525845	0.004742983
1.9764537545618577e-07	-0.99970526	0.020402232	-0.013164498	0.3601722	-0.007350484	0.004742884
1.9789853669521042e-07	-0.9931977	-0.11569375	-0.013164536	0.35782772	0.04168196	0.004742899
1.9815407581073856e-07	-0.96792793	-0.25088292	-0.01316471	0.34872353	0.0903877	0.0047429614
1.984156006974704e-07	-0.9231132	-0.384303	-0.013164469	0.33257776	0.13845608	0.004742874
1.986670356881699e-07	-0.8627676	-0.50542945	-0.013165109	0.31083655	0.18209533	0.004743105
1.98927769984457e-07	-0.78351676	-0.62123126	-0.013164544	0.2822842	0.22381623	0.004742901
1.9916950005972635e-07	-0.6962196	-0.7177082	-0.013165522	0.25083292	0.25857478	0.004743254
1.994312841493684e-07	-0.5884341	-0.808438	-0.013164769	0.21200012	0.29126278	0.004742982
1.99679053913625e-07	-0.4756223	-0.8795512	-0.013164679	0.17135647	0.31688333	0.0047429493
1.9993165356904923e-07	-0.35191864	-0.935938	-0.013164444	0.1267887	0.33719826	0.0047428655
2e-07	-0.31723058	-0.94825715	-0.013164313	0.11429133	0.3416366	0.004742818
